20376 0.042221 0.942086 0 0 0
1907571632 0.124756 0.339371 0 0 0
-602175392 2.383078 0.727890 2 0 2
0 3.999144 0.996200 3 0 3
0 3.973673 0.108933 3 0 3
0 4.883602 0.350051 4 0 4
0 5.831426 0.117301 5 0 5
0 5.492108 0.660768 5 0 5
0 6.483246 0.544611 6 0 6
848 0.547644 1.368162 0 1 10
0 1.905192 1.205091 1 1 11
8 2.691997 1.985637 2 1 12
-601937168 3.482976 1.104329 3 1 13
-601940128 3.705843 1.697476 3 1 13
2202560 6.271440 1.702972 6 1 16
96 7.495545 1.083161 7 1 17
0 7.377530 1.999661 7 1 17
2185456 8.111234 1.644124 8 1 18
-602184096 8.673595 1.755475 8 1 18
0 9.181107 1.354102 9 1 19
9 0.582536 2.679755 0 2 20
832 1.353633 2.521475 1 2 21
68 2.120530 2.003494 2 2 22
-601933680 2.727212 2.696507 2 2 22
0 2.045954 2.774453 2 2 22
1 4.336918 2.354668 4 2 24
1822720 5.672860 2.939051 5 2 25
0 9.397889 2.842983 9 2 29
0 0.633685 3.672346 0 3 30
0 0.756808 3.153801 0 3 30
0 1.529793 3.465844 1 3 31
1685382481 1.959370 3.794472 1 3 31
0 2.357694 3.398250 2 3 32
-602184096 3.677750 3.120317 3 3 33
0 4.888206 3.483511 4 3 34
-601937168 5.967151 3.939203 5 3 35
-601939904 5.492014 3.461741 5 3 35
144 6.554404 3.949995 6 3 36
2032 7.166978 3.110796 7 3 37
1 8.349233 3.622417 8 3 38
0 8.999470 3.537336 8 3 38
7 9.685450 3.484594 9 3 39
96 1.143636 4.834552 1 4 41
4 3.347096 4.372896 3 4 43
848 7.337384 4.971833 7 4 47
2185456 7.580644 4.316762 7 4 47
0 7.070634 4.223729 7 4 47
0 9.288285 4.902523 9 4 49
163840 9.562444 4.387674 9 4 49
-605573056 0.475884 5.604172 0 5 50
0 1.624500 5.810743 1 5 51
0 2.257985 5.760310 2 5 52
1 3.025736 5.613075 3 5 53
1112099911 3.632093 5.322006 3 5 53
0 4.472961 5.447893 4 5 54
4194318 5.896271 5.544437 5 5 55
28 5.138540 5.906538 5 5 55
2211840 6.372817 5.200181 6 5 56
-602182696 7.916478 5.749883 7 5 57
1907574144 8.651318 5.765628 8 5 58
0 9.535279 5.645728 9 5 59
0 0.078319 6.933209 0 6 60
0 0.081916 6.345378 0 6 60
0 1.705285 6.372521 1 6 61
1822720 2.420951 6.570369 2 6 62
-601937168 3.463595 6.840860 3 6 63
1907574272 4.025458 6.303727 4 6 64
0 5.264131 6.544580 5 6 65
0 5.919026 6.787991 5 6 65
8 7.520727 6.910997 7 6 67
0 8.595144 6.946620 8 6 68
-602182696 8.027017 6.974449 8 6 68
784 9.807119 6.349644 9 6 69
-601933680 0.624374 7.879097 0 7 70
1907573120 1.778666 7.030094 1 7 71
4096 2.258756 7.804622 2 7 72
0 3.301384 7.998218 3 7 73
464 4.109099 7.564658 4 7 74
0 4.549206 7.026333 4 7 74
1907572832 5.293305 7.927867 5 7 75
0 6.056236 7.288625 6 7 76
1 8.021805 7.845418 8 7 78
1982028 2.310247 8.529102 2 8 82
0 3.167279 8.604295 3 8 83
-601935328 4.712267 8.562079 4 8 84
0 6.414289 8.468042 6 8 86
2 6.822302 8.043659 6 8 86
0 7.341578 8.788896 7 8 87
0 8.266262 8.398861 8 8 88
0 9.094215 8.466339 9 8 89
-602184096 0.470676 9.880181 0 9 90
0 1.823263 9.280633 1 9 91
0 2.754728 9.283796 2 9 92
-601937168 3.800836 9.894687 3 9 93
4 4.931977 9.996454 4 9 94
3 6.571802 9.956069 6 9 96
0 6.426549 9.427499 6 9 96
1 7.118045 9.262760 7 9 97
-602175224 8.339492 9.904498 8 9 98
1 8.785569 9.507286 8 9 98
