0 9.094215 8.466339 8 7 78
0 0.756808 3.153801 0 7 70
0 6.056236 7.288625 9 1 19
0 8.266262 8.398861 4 1 14
0 6.414289 8.468042 2 1 12
0 0.078319 6.933209 8 7 78
0 5.492108 0.660768 3 6 63
0 3.167279 8.604295 1 4 41
0 7.070634 4.223729 2 8 82
0 7.377530 1.999661 5 9 95
0 9.288285 4.902523 0 6 60
0 3.301384 7.998218 7 7 77
0 5.264131 6.544580 8 7 78
0 3.999144 0.996200 4 5 54
0 2.257985 5.760310 2 2 22
1 8.021805 7.845418 7 6 67
1822720 5.672860 2.939051 5 2 25
2211840 6.372817 5.200181 1 9 91
0 2.754728 9.283796 6 7 76
0 8.999470 3.537336 4 7 74
0 0.081916 6.345378 4 3 34
0 7.341578 8.788896 8 0 8
0 4.549206 7.026333 3 5 53
0 6.483246 0.544611 1 8 81
0 1.624500 5.810743 1 3 31
0 4.883602 0.350051 6 9 96
-601939904 5.492014 3.461741 3 7 73
784 9.807119 6.349644 1 7 71
28 5.138540 5.906538 6 9 96
4096 2.258756 7.804622 0 6 60
1 8.349233 3.622417 7 1 17
2185456 7.580644 4.316762 8 5 58
2202560 6.271440 1.702972 8 5 58
848 7.337384 4.971833 4 4 44
68 2.120530 2.003494 5 4 45
144 6.554404 3.949995 7 5 57
8 2.691997 1.985637 9 6 69
1685382481 1.959370 3.794472 0 4 40
2185456 8.111234 1.644124 2 7 72
4 3.347096 4.372896 4 8 84
0 4.888206 3.483511 3 3 33
-605573056 0.475884 5.604172 2 3 32
0 4.472961 5.447893 7 2 27
0 9.397889 2.842983 8 1 18
0 5.919026 6.787991 7 2 27
1907571632 0.124756 0.339371 6 4 46
-601935328 4.712267 8.562079 1 2 21
832 1.353633 2.521475 1 2 21
4194318 5.896271 5.544437 6 3 36
3 6.571802 9.956069 6 1 16
0 2.045954 2.774453 9 2 29
163840 9.562444 4.387674 9 9 99
1822720 2.420951 6.570369 8 4 48
20376 0.042221 0.942086 3 1 13
464 4.109099 7.564658 8 8 88
8 7.520727 6.910997 2 8 82
7 9.685450 3.484594 3 3 33
848 0.547644 1.368162 5 3 35
1982028 2.310247 8.529102 0 1 10
0 3.973673 0.108933 0 5 50
-602184096 8.673595 1.755475 0 8 80
-601937168 3.463595 6.840860 3 7 73
-601937168 5.967151 3.939203 6 5 56
-602182696 7.916478 5.749883 2 4 42
1 7.118045 9.262760 9 3 39
1907573120 1.778666 7.030094 4 5 54
1 8.785569 9.507286 9 8 89
0 9.181107 1.354102 7 1 17
1907572832 5.293305 7.927867 9 0 9
-602184096 3.677750 3.120317 5 1 15
-602175392 2.383078 0.727890 1 3 31
0 9.535279 5.645728 9 4 49
0 6.426549 9.427499 2 1 12
-601933680 2.727212 2.696507 1 1 11
-601933680 0.624374 7.879097 2 6 62
1112099911 3.632093 5.322006 2 9 92
96 1.143636 4.834552 5 8 85
-601937168 3.482976 1.104329 3 1 13
-601937168 3.800836 9.894687 4 0 4
-602182696 8.027017 6.974449 9 3 39
1 4.336918 2.354668 9 0 9
1907574144 8.651318 5.765628 0 3 30
1 3.025736 5.613075 2 9 92
0 1.823263 9.280633 4 4 44
-601940128 3.705843 1.697476 0 4 40
-602184096 0.470676 9.880181 7 9 97
-602175224 8.339492 9.904498 2 0 2
0 1.905192 1.205091 4 8 84
4 4.931977 9.996454 1 0 1
1907574272 4.025458 6.303727 5 9 95
0 2.357694 3.398250 0 0 0
0 5.831426 0.117301 6 4 46
96 7.495545 1.083161 5 0 5
0 0.633685 3.672346 1 5 51
0 1.529793 3.465844 8 9 98
0 8.595144 6.946620 4 2 24
2 6.822302 8.043659 6 2 26
9 0.582536 2.679755 9 1 19
0 1.705285 6.372521 7 8 87
2032 7.166978 3.110796 5 2 25
