0 0.500000 0.500000 0 0 0
10 1.500000 0.500000 1 0 1
20 2.500000 0.500000 2 0 2
30 3.500000 0.500000 3 0 3
40 4.500000 0.500000 4 0 4
50 5.500000 0.500000 5 0 5
60 6.500000 0.500000 6 0 6
70 7.500000 0.500000 7 0 7
80 8.500000 0.500000 8 0 8
90 9.500000 0.500000 9 0 9
1 0.500000 1.500000 0 1 10
11 1.500000 1.500000 1 1 11
21 2.500000 1.500000 2 1 12
31 3.500000 1.500000 3 1 13
41 4.500000 1.500000 4 1 14
51 5.500000 1.500000 5 1 15
61 6.500000 1.500000 6 1 16
71 7.500000 1.500000 7 1 17
81 8.500000 1.500000 8 1 18
91 9.500000 1.500000 9 1 19
2 0.500000 2.500000 0 2 20
12 1.500000 2.500000 1 2 21
22 2.500000 2.500000 2 2 22
32 3.500000 2.500000 3 2 23
42 4.500000 2.500000 4 2 24
52 5.500000 2.500000 5 2 25
62 6.500000 2.500000 6 2 26
72 7.500000 2.500000 7 2 27
82 8.500000 2.500000 8 2 28
92 9.500000 2.500000 9 2 29
3 0.500000 3.500000 0 3 30
13 1.500000 3.500000 1 3 31
23 2.500000 3.500000 2 3 32
33 3.500000 3.500000 3 3 33
43 4.500000 3.500000 4 3 34
53 5.500000 3.500000 5 3 35
63 6.500000 3.500000 6 3 36
73 7.500000 3.500000 7 3 37
83 8.500000 3.500000 8 3 38
93 9.500000 3.500000 9 3 39
4 0.500000 4.500000 0 4 40
14 1.500000 4.500000 1 4 41
24 2.500000 4.500000 2 4 42
34 3.500000 4.500000 3 4 43
44 4.500000 4.500000 4 4 44
54 5.500000 4.500000 5 4 45
64 6.500000 4.500000 6 4 46
74 7.500000 4.500000 7 4 47
84 8.500000 4.500000 8 4 48
94 9.500000 4.500000 9 4 49
5 0.500000 5.500000 0 5 50
15 1.500000 5.500000 1 5 51
25 2.500000 5.500000 2 5 52
35 3.500000 5.500000 3 5 53
45 4.500000 5.500000 4 5 54
55 5.500000 5.500000 5 5 55
65 6.500000 5.500000 6 5 56
75 7.500000 5.500000 7 5 57
85 8.500000 5.500000 8 5 58
95 9.500000 5.500000 9 5 59
6 0.500000 6.500000 0 6 60
16 1.500000 6.500000 1 6 61
26 2.500000 6.500000 2 6 62
36 3.500000 6.500000 3 6 63
46 4.500000 6.500000 4 6 64
56 5.500000 6.500000 5 6 65
66 6.500000 6.500000 6 6 66
76 7.500000 6.500000 7 6 67
86 8.500000 6.500000 8 6 68
96 9.500000 6.500000 9 6 69
7 0.500000 7.500000 0 7 70
17 1.500000 7.500000 1 7 71
27 2.500000 7.500000 2 7 72
37 3.500000 7.500000 3 7 73
47 4.500000 7.500000 4 7 74
57 5.500000 7.500000 5 7 75
67 6.500000 7.500000 6 7 76
77 7.500000 7.500000 7 7 77
87 8.500000 7.500000 8 7 78
97 9.500000 7.500000 9 7 79
8 0.500000 8.500000 0 8 80
18 1.500000 8.500000 1 8 81
28 2.500000 8.500000 2 8 82
38 3.500000 8.500000 3 8 83
48 4.500000 8.500000 4 8 84
58 5.500000 8.500000 5 8 85
68 6.500000 8.500000 6 8 86
78 7.500000 8.500000 7 8 87
88 8.500000 8.500000 8 8 88
98 9.500000 8.500000 9 8 89
9 0.500000 9.500000 0 9 90
19 1.500000 9.500000 1 9 91
29 2.500000 9.500000 2 9 92
39 3.500000 9.500000 3 9 93
49 4.500000 9.500000 4 9 94
59 5.500000 9.500000 5 9 95
69 6.500000 9.500000 6 9 96
79 7.500000 9.500000 7 9 97
89 8.500000 9.500000 8 9 98
99 9.500000 9.500000 9 9 99
